# Created by Octave 2.1.73, Wed Mar 21 13:48:59 2007 EDT <krussell@WS-KRUSSELL>
# name: M
# type: matrix
# rows: 9
# columns: 9
 0 0 0 0 8 0 0 0 0
 2 1 0 0 4 0 0 8 0
 7 0 0 0 3 0 0 0 2
 0 0 5 0 0 0 6 0 0
 0 9 0 5 0 2 0 1 0
 0 0 1 0 0 0 7 0 0
 4 0 0 3 5 0 0 0 7
 0 8 0 0 7 0 0 3 6
 0 0 0 0 0 0 0 0 0
# name: __nargin__
# type: scalar
0
